/*--------------------------------*- C++ -*----------------------------------*\
| =========                 |                                                 |
| \\      /  F ield         | OpenFOAM: The Open Source CFD Toolbox           |
|  \\    /   O peration     | Version:  5.x                                   |
|   \\  /    A nd           | Web:      www.OpenFOAM.org                      |
|    \\/     M anipulation  |                                                 |
\*---------------------------------------------------------------------------*/
FoamFile
{
    version     2.0;
    format      ascii;
    class       volScalarField;
    location    "0.005";
    object      out_3;
}
// * * * * * * * * * * * * * * * * * * * * * * * * * * * * * * * * * * * * * //

dimensions      [0 2 -2 0 0 0 0];

internalField   nonuniform List<scalar> 
400
(
5.7182e-05
2.59816e-05
2.59816e-05
2.59816e-05
2.59816e-05
2.59816e-05
2.59816e-05
2.59816e-05
2.59816e-05
2.59816e-05
2.59816e-05
2.59816e-05
2.59816e-05
5.47268e+26
2.59816e-05
2.59816e-05
2.59816e-05
2.59816e-05
2.59816e-05
2.59816e-05
2.59816e-05
2.59816e-05
2.59816e-05
2.59816e-05
2.59816e-05
2.59816e-05
2.59816e-05
2.59816e-05
2.59816e-05
2.59816e-05
2.59816e-05
2.59816e-05
2.59816e-05
2.59816e-05
2.59816e-05
2.59816e-05
2.59816e-05
2.59816e-05
2.59816e-05
2.59816e-05
2.59816e-05
2.59816e-05
2.59816e-05
2.59816e-05
2.59816e-05
2.59816e-05
2.59816e-05
2.59816e-05
2.59816e-05
2.59816e-05
2.59816e-05
2.59816e-05
2.59816e-05
2.59816e-05
2.59816e-05
2.59816e-05
2.59816e-05
2.59816e-05
2.59816e-05
2.59816e-05
2.59816e-05
2.59816e-05
2.59816e-05
2.59816e-05
2.59816e-05
2.59816e-05
2.59816e-05
2.59816e-05
2.59816e-05
2.59816e-05
2.59816e-05
2.59816e-05
2.59816e-05
2.59816e-05
2.59816e-05
2.59816e-05
2.59816e-05
2.59816e-05
2.59816e-05
2.59816e-05
2.59816e-05
2.59816e-05
2.59816e-05
2.59816e-05
2.59816e-05
2.59816e-05
2.59816e-05
2.59816e-05
2.59816e-05
2.59816e-05
2.59816e-05
2.59816e-05
2.59816e-05
2.59816e-05
2.59816e-05
2.59816e-05
2.59816e-05
2.59816e-05
2.59816e-05
2.59816e-05
2.59816e-05
2.59816e-05
2.59816e-05
2.59816e-05
2.59816e-05
2.59816e-05
2.59816e-05
2.59816e-05
2.59816e-05
2.59816e-05
2.59816e-05
2.59816e-05
2.59816e-05
2.59816e-05
2.59816e-05
2.59816e-05
2.59816e-05
2.59816e-05
2.59816e-05
2.59816e-05
2.59816e-05
2.59816e-05
2.59816e-05
2.59816e-05
2.59816e-05
2.59816e-05
2.59816e-05
2.59816e-05
2.59816e-05
2.59816e-05
2.59816e-05
2.59816e-05
2.59816e-05
2.59816e-05
2.59816e-05
2.59816e-05
2.59816e-05
2.59816e-05
2.59816e-05
2.59816e-05
2.59816e-05
2.59816e-05
2.59816e-05
2.59816e-05
2.59816e-05
2.59816e-05
2.59816e-05
2.59816e-05
2.59816e-05
2.59816e-05
2.59816e-05
2.59816e-05
2.59816e-05
2.59816e-05
2.59816e-05
2.59816e-05
2.59816e-05
2.59816e-05
2.59816e-05
2.59816e-05
2.59816e-05
2.59816e-05
2.59816e-05
2.59816e-05
2.59816e-05
2.59816e-05
2.59816e-05
2.59816e-05
2.59816e-05
2.59816e-05
2.59816e-05
2.59816e-05
2.59816e-05
2.59816e-05
2.59816e-05
2.59816e-05
2.59816e-05
2.59816e-05
2.59816e-05
2.59816e-05
2.59816e-05
2.59816e-05
2.59816e-05
2.59816e-05
2.59816e-05
2.59816e-05
2.59816e-05
2.59816e-05
2.59816e-05
2.59816e-05
2.59816e-05
2.59816e-05
2.59816e-05
2.59816e-05
2.59816e-05
2.59816e-05
2.59816e-05
2.59816e-05
2.59816e-05
2.59816e-05
2.59816e-05
2.59816e-05
2.59816e-05
2.59816e-05
2.59816e-05
2.59816e-05
2.59816e-05
2.59816e-05
2.59816e-05
2.59816e-05
2.59816e-05
2.59816e-05
2.59816e-05
2.59816e-05
2.59816e-05
2.59816e-05
2.59816e-05
2.59816e-05
2.59816e-05
2.59816e-05
2.59816e-05
2.59816e-05
2.59816e-05
2.59816e-05
2.59816e-05
2.59816e-05
2.59816e-05
2.59816e-05
2.59816e-05
2.59816e-05
2.59816e-05
2.59816e-05
2.59816e-05
2.59816e-05
2.59816e-05
2.59816e-05
2.59816e-05
2.59816e-05
2.59816e-05
2.59816e-05
2.59816e-05
2.59816e-05
2.59816e-05
2.59816e-05
2.59816e-05
2.59816e-05
2.59816e-05
2.59816e-05
2.59816e-05
2.59816e-05
2.59816e-05
2.59816e-05
2.59816e-05
2.59816e-05
2.59816e-05
2.59816e-05
2.59816e-05
2.59816e-05
2.59816e-05
2.59816e-05
2.59816e-05
2.59816e-05
2.59816e-05
2.59816e-05
2.59816e-05
2.59816e-05
2.59816e-05
2.59816e-05
2.59816e-05
2.59816e-05
2.59816e-05
2.59816e-05
2.59816e-05
2.59816e-05
2.59816e-05
2.59816e-05
2.59816e-05
2.59816e-05
2.59816e-05
2.59816e-05
2.59816e-05
2.59816e-05
2.59816e-05
2.59816e-05
2.59816e-05
2.59816e-05
2.59816e-05
2.59816e-05
2.59816e-05
2.59816e-05
2.59816e-05
2.59816e-05
2.59816e-05
2.59816e-05
2.59816e-05
2.59816e-05
2.59816e-05
2.59816e-05
2.59816e-05
2.59816e-05
2.59816e-05
2.59816e-05
2.59816e-05
2.59816e-05
2.59816e-05
2.59816e-05
2.59816e-05
2.59816e-05
2.59816e-05
2.59816e-05
2.59816e-05
2.59816e-05
2.59816e-05
2.59816e-05
2.59816e-05
2.59816e-05
2.59816e-05
2.59816e-05
2.59816e-05
2.59816e-05
2.59816e-05
2.59816e-05
2.59816e-05
2.59816e-05
2.59816e-05
2.59816e-05
2.59816e-05
2.59816e-05
2.59816e-05
2.59816e-05
2.59816e-05
2.59816e-05
2.59816e-05
2.59816e-05
2.59816e-05
2.59816e-05
2.59816e-05
2.59816e-05
2.59816e-05
2.59816e-05
2.59816e-05
2.59816e-05
2.59816e-05
2.59816e-05
2.59816e-05
2.59816e-05
2.59816e-05
2.59816e-05
2.59816e-05
2.59816e-05
2.59816e-05
2.59816e-05
2.59816e-05
2.59816e-05
2.59816e-05
2.59816e-05
15555.8
2.59816e-05
2.59816e-05
2.59816e-05
2.59816e-05
2.59816e-05
2.59816e-05
2.59816e-05
2.59816e-05
2.59816e-05
2.59816e-05
2.59816e-05
2.59816e-05
2.59816e-05
2.59816e-05
2.59816e-05
2.59816e-05
2.59816e-05
2.59816e-05
2.59816e-05
2.59816e-05
2.59816e-05
2.59816e-05
2.59816e-05
2.59816e-05
2.59816e-05
2.59816e-05
2.59816e-05
2.59816e-05
2.59816e-05
2.59816e-05
2.59816e-05
2.59816e-05
2.59816e-05
2.59816e-05
2.59816e-05
2.59816e-05
2.59816e-05
2.59816e-05
2.59816e-05
2.59816e-05
2.59816e-05
2.59816e-05
2.59816e-05
)
;

boundaryField
{
    movingWall
    {
        type            zeroGradient;
    }
    fixedWalls
    {
        type            zeroGradient;
    }
    frontAndBack
    {
        type            empty;
    }
}


// ************************************************************************* //
